10001 张三 1640995200 4 85 3 90 3 88 3 92 3 
10002 李四 1641081600 4 78 3 82 3 76 3 85 3 
10003 王五 1641168000 4 92 3 88 3 95 3 90 3 
10004 赵六 1641254400 4 65 4 70 4 68 4 72 4 
10005 刘七 1641340800 4 58 4 62 4 60 4 55 4 
10006 陈八 1641427200 4 94 3 96 3 92 3 98 3 
10007 杨九 1641513600 4 45 4 50 4 48 4 52 4 
10008 吴十 1641600000 4 88 3 85 3 90 3 87 3 
10009 周十一 1641686400 4 72 3 75 3 70 3 78 3 
10010 郑十二 1641772800 4 83 3 80 3 85 3 82 3 
10011 孙十三 1641859200 4 91 3 93 3 89 3 95 3 
10012 朱十四 1641945600 4 67 4 72 4 70 4 75 4 
10013 马十五 1642032000 4 79 3 82 3 77 3 84 3 
10014 胡十六 1642118400 4 96 3 94 3 98 3 92 3 
10015 林十七 1642204800 4 54 4 58 4 52 4 56 4 
10016 郭十八 1642291200 4 87 3 85 3 90 3 88 3 
10017 何十九 1642377600 4 73 3 76 3 71 3 79 3 
10018 高二十 1642464000 4 81 3 84 3 79 3 86 3 
10019 谢二十一 1642550400 4 89 3 91 3 87 3 93 3 
10020 唐二十二 1642636800 4 63 4 68 4 65 4 70 4 
10021 1 1770353319 4 0 0 0 0 0 0 0 0 
10022 1 1770353325 4 0 0 0 0 0 0 0 0 
